[coming-soon.jpg]
text=1;143;14;Coming soon...;Lucida Grande;0.017956,0.002540,0.044444,0.000000;v1,4294967295,4278190080,128.000000,1.000000,0.250000,1.000000,400,2,49152;;
backuphash=40687
textactive=1
