[coming-soon.jpg]
text=1;144;15;Almost there...;Lucida Grande;0.022834,0.007272,0.044444,0.000000;v1,4294967295,4278190080,128.000000,1.000000,0.250000,1.000000,400,2,49152;;
backuphash=10856
textactive=1
